[[  6.49350649e-05   6.49350649e-05   6.49350649e-05   6.49350649e-05
    6.49350649e-05   6.49350649e-05   6.49350649e-05   6.49350649e-05
    6.49350649e-05   6.49350649e-05   6.49350649e-05   6.49350649e-05
    6.49350649e-05   6.49350649e-05   6.49350649e-05   6.49350649e-05
    6.49350649e-05   6.49350649e-05   6.49350649e-05   6.49350649e-05
    6.49350649e-05   6.49350649e-05   6.49350649e-05   6.49350649e-05
    6.49350649e-05   6.49350649e-05   6.49350649e-05   6.49350649e-05
    6.49350649e-05   6.49350649e-05   6.49350649e-05   6.49350649e-05]
 [ -6.49350649e-05  -6.49350649e-05  -6.49350649e-05  -6.49350649e-05
   -6.49350649e-05  -6.49350649e-05  -6.49350649e-05  -6.49350649e-05
   -6.49350649e-05  -6.49350649e-05  -6.49350649e-05  -6.49350649e-05
   -6.49350649e-05  -6.49350649e-05  -6.49350649e-05  -6.49350649e-05
   -6.49350649e-05  -6.49350649e-05  -6.49350649e-05  -6.49350649e-05
   -6.49350649e-05  -6.49350649e-05  -6.49350649e-05  -6.49350649e-05
   -6.49350649e-05  -6.49350649e-05  -6.49350649e-05  -6.49350649e-05
   -6.49350649e-05  -6.49350649e-05  -6.49350649e-05  -6.49350649e-05]
 [  6.49350649e-05   6.49350649e-05   6.49350649e-05   6.49350649e-05
    6.49350649e-05   6.49350649e-05   6.49350649e-05   6.49350649e-05
    6.49350649e-05   6.49350649e-05   6.49350649e-05   6.49350649e-05
    6.49350649e-05   6.49350649e-05   6.49350649e-05   6.49350649e-05
    6.49350649e-05   6.49350649e-05   6.49350649e-05   6.49350649e-05
    6.49350649e-05   6.49350649e-05   6.49350649e-05   6.49350649e-05
    6.49350649e-05   6.49350649e-05   6.49350649e-05   6.49350649e-05
    6.49350649e-05   6.49350649e-05   6.49350649e-05   6.49350649e-05]]
[[ 0.42857143]
 [ 0.42857143]
 [-0.42857143]]
[[ 2  1 -1]
 [-2 -2  1]]
[[ 0.43064935  0.43064935  0.43064935  0.43064935  0.43064935  0.43064935
   0.43064935  0.43064935  0.43064935  0.43064935  0.43064935  0.43064935
   0.43051948  0.43064935  0.43064935  0.43064935  0.43064935  0.43064935
   0.43038961  0.43064935  0.43064935  0.43064935  0.43064935  0.43064935
   0.43064935  0.43064935  0.43064935  0.43064935  0.43064935  0.43064935
   0.43051948  0.43064935]
 [ 0.42649351  0.42649351  0.42649351  0.42649351  0.42649351  0.42649351
   0.42649351  0.42649351  0.42649351  0.42649351  0.42649351  0.42649351
   0.42662338  0.42649351  0.42649351  0.42649351  0.42649351  0.42649351
   0.42675325  0.42649351  0.42649351  0.42649351  0.42649351  0.42649351
   0.42649351  0.42649351  0.42649351  0.42649351  0.42649351  0.42649351
   0.42662338  0.42649351]
 [-0.42649351 -0.42649351 -0.42649351 -0.42649351 -0.42649351 -0.42649351
  -0.42649351 -0.42649351 -0.42649351 -0.42649351 -0.42649351 -0.42649351
  -0.42662338 -0.42649351 -0.42649351 -0.42649351 -0.42649351 -0.42649351
  -0.42675325 -0.42649351 -0.42649351 -0.42649351 -0.42649351 -0.42649351
  -0.42649351 -0.42649351 -0.42649351 -0.42649351 -0.42649351 -0.42649351
  -0.42662338 -0.42649351]]
(3, 32)
[[ 1.  1.  1.  1.  1.  1.  1.  1.  1.  1.  1.  1.  1.  1.  1.  1.  1.  1.
   1.  1.  1.  1.  1.  1.  1.  1.  1.  1.  1.  1.  1.  1.]
 [ 0.  0.  0.  0.  0.  0.  0.  0.  0.  0.  0.  0.  0.  0.  0.  0.  0.  0.
   0.  0.  0.  0.  0.  0.  0.  0.  0.  0.  0.  0.  0.  0.]]
(2, 32)
False
